2210128278060015.jpg	227,410,460,608
1551780016230057.jpg	256,481,447,618
2210202667080062.jpg	238,419,443,584
2404518668570029.jpg	260,967,527,1267
2381213925790008.jpg	615,1273,1165,1774
2262946377930023.jpg	416,810,623,1025
1302052676720009.jpg	440,856,636,1087
2228270135090010.jpg	158,263,438,551
2357913338150006.jpg	120,189,538,594
2289600200770002.jpg	430,903,634,1049
2375142853480012.jpg	676,1196,1285,1703
2323437145990030.jpg	383,554,861,1049
1551744559270003.jpg	267,379,465,578
2232633662160034.jpg	176,338,432,641
1551745407780005.jpg	231,397,487,644
1296745811930020.jpg	87,203,289,414
2236042390300016.jpg	224,420,371,574
1285632269800003.jpg	398,658,750,1012
1551777894780053.jpg	264,376,433,550
2375144282440016.jpg	642,1165,1310,1808
2404526087790051.jpg	360,816,670,1045
1269232643880013.jpg	343,721,707,1038
1291680185350003.jpg	243,680,700,1181
2268004108240012.jpg	96,203,310,420
2391552261640003.jpg	655,1251,1183,1632
2344337819060015.jpg	327,707,552,887
2404516116180017.jpg	281,858,530,1112
1264896262120003.jpg	78,894,290,1110
2229139530290036.jpg	203,223,502,514
2379457954020007.jpg	615,1016,1245,1684
1235551034400007.jpg	298,643,605,950
2230856199290012.jpg	211,316,402,529
2229134411340026.jpg	179,268,413,544
2228275847070015.jpg	138,288,409,505
2236088856450050.jpg	208,367,328,541
2236038657550008.jpg	151,362,331,549
2228284963980040.jpg	225,346,432,598
2323962865170039.jpg	266,368,489,584
2268137514930028.jpg	181,223,471,445
2375197702280020.jpg	621,1295,1301,1876
2404514719670013.jpg	309,963,529,1252
2267220158330028.jpg	205,302,430,528
2210139888400019.jpg	273,438,476,576
2230014412490033.jpg	176,384,421,640
1264953200060025.jpg	398,832,580,998
2381184249590003.jpg	717,1273,1230,1709
2210160608840031.jpg	271,407,492,583
2265352235440007.jpg	340,729,798,1130
1302060236790031.jpg	481,847,665,1100
2404514356280010.jpg	196,314,409,606
2404522530880038.jpg	458,821,698,1049
2291212471080040.jpg	383,758,603,927
1551780728230047.jpg	346,433,489,540
2228259730250006.jpg	219,303,462,570
2411406341300021.jpg	418,949,656,1156
2375211970870028.jpg	581,1251,1288,1857
2323321743000019.jpg	325,607,772,980
2212722805910011.jpg	218,448,375,618
2230848063540002.jpg	158,367,362,553
2228270459430020.jpg	198,280,473,552
2230870338220012.jpg	172,332,383,552
2301440991270010.jpg	380,816,552,961
1302067038670043.jpg	396,909,716,1167
1302056179450017.jpg	334,772,603,1025
2381267832560027.jpg	680,1264,1214,1761
1253685062430048.jpg	418,721,723,1027
2230949160440054.jpg	189,421,387,624
2209993677940018.jpg	215,347,455,603
2269728202340003.jpg	343,725,520,927
2289614428460010.jpg	480,889,689,1158
2381187167430011.jpg	639,1248,1316,1842
2279260188530018.jpg	565,787,716,974
2312064646790006.jpg	245,743,554,1016
2267262236520054.jpg	202,377,390,562
2323529855540053.jpg	125,253,395,555
2323960656670033.jpg	177,266,368,482
2228286766300036.jpg	214,378,436,572
2381189033740015.jpg	732,1190,1316,1854
2404518849130031.jpg	550,1047,780,1280
2375209244870025.jpg	373,375,854,991
2404523894190045.jpg	501,912,761,1187
2379483656400015.jpg	618,970,1301,1854
2411437456260037.jpg	383,812,725,1149
2210155994430027.jpg	210,423,357,583
1251072246140003.jpg	498,696,756,914
2404520201280027.jpg	356,796,740,1156
2381256849750023.jpg	698,1220,1193,1585
2268929576880010.jpg	394,732,610,996
2228280382570032.jpg	128,308,379,500
2267170348620012.jpg	128,239,402,443
2210200756520058.jpg	293,400,475,541
2269728568940005.jpg	283,1465,552,1741
2230861444270016.jpg	184,327,393,528
1551753392040026.jpg	109,210,285,380
2391552392590004.jpg	257,505,767,882
2396736000000001.jpg	250,698,696,1170
2268055706550012.jpg	84,267,308,429
1551744554910003.jpg	267,424,438,580
2229996722030016.jpg	176,447,401,588
2345839648100045.jpg	285,328,431,487
